6609
6668
1823
7788
4248
564
833
6736
-----None
6123
1030
6866
5534
171
-----None
1332
1227
6723
36
207201
2106
3023
88
13331
5865
5
91591
03
92
-----None
9166
9450
5275
6222
5566
8772
5183
150
57
2800
1466
826
5620
9489
1030
4335
7856
514
5650
5374
03
4858
4527
59
440
5250
427
55
9561
-----None
4140
7286
5750
1887
1824
4236
11924
4641
37061
4533
3658
4078
2377
830
-----None
6
-----None
3101
3788
-----None
9904
55
5001
-----None
2328
3028
1600
5567
8406
67
1584
904
3400
2387
7524
5743
672
4521
950
7344
139
7077
5130
8086
3086
1028
6284
5289
5900
3577
-----None
370
1333
9160
539
3388
2551
73
1273
5785
6887
6065
3445
-----None
967
986
5208
48
3276
26454
7336
33771
225
6201
063
55
87
8743
8080
0
5324
8639
507
6496
727
3908
2488
8498
73
37
-----None
9089
024
25
575
633
2571
3283
330
780
-----None
29081
987
1303
8000
966
347
5562
3074
1644
7154
6275
977
449
-----None
158
25
892
4341
6740
1499
166
1261
7788
66
8806
3575
6166
1035
06
2101
2379
496
7905
2855
2576
730
22
-----None
2
6487
00
7
275
35
1728
5865
8633
4
1395
8905
5
588
526
7605
1754
5280
3
151
6270
9892
1719
2656
3086
-----None
2353
-----None
6607
7526
-----None
33737
1975
1950
1948
5563
3807
7479
3236
150
4476
4829
3625
2954
3
892
7278
-----None
026
1703
1247
5354
1203
5324
105
9435
207
784
2245
9779
6337
3435
254
57
760
1390
1225
678
931
0840
8001
-----None
2091
558
633
4623
6324
646
25
-----None
487
8529
122
1989
5040
5270
6373
8232
8657
1818
9661
4859
-----None
2466
5959
8884
9103
5664
10
896
48
557
030
7123
9506
035
32
837
9740
2575
84
1068
3322
1901
9465
9557
2366
5970
98
757
5755
721
325
23
1547
2703
7436
332
6787
6257
1670
19
3260
7677
4343
5993
3988
1226
251
2980
33
1478
5360
744
6227
2528
7167
1550
824
9886
6655
6708
7783
2512
6644
4554
8368
16
5923
6790
1074
7207
584
3003
100
860
3833
7580
5862
4235
-----None
2639
781
890
133
888
4806
4086
9822
7109
5005
7168
9608
2060
520
-----None
73
27
513
5238
2895
2861
667
52251
5539
1580
522
6969
7419
6806
5
2777
5227
-----None
2782
590
5519
2094
22
125
8978
4587
725
3748
6779
6602
3851
3276
8757
0
750
6039
862
3969
67471
8854
6779
7426
5562
400
2222
150
-----None
9336
0
2206
6395
2151
477
778
207
6661
9354
3594
2006
7324
705
-----None
905
7885
38780
6496
6484
9262
2609
378
06
6262
9326
5132
1028
224
002
157
3796
6958
7922
75
3422
3705
1074
23
2845
1208
9407
3500
05
-----None
298
2329
80
8854
2070
5466
1761
52771
275
6194
269
6036
4646
1745
7780
58
166
740
7737
2372
545
25
55
2170
4077
929
-----None
3586
2429
7647
82
99
25771
9257
094
3782
65
9792
7738
6557
90
1755
9686
375
2639
55
1954
87
6687
1227
296
1669
2250
4354
503
800
54
54
62241
-----None
03
1732
1629
30
1454
728
9966
7228
868
4262
67871
555
8701
062
6063
3990
7991
63
568
1640
82
2799
4231
524
1087
4740
21
3748
7387
3923
2846
95
400
133
-----None
7563
5307
6461
7412
0240
1771
198
1833
4078
4773
87958
218
-----None
6555
2727
6073
6554
0700
7878
8755
2667
5923
0207
-----None
7829
3861
00
4622
